[{"id": 0, "img_name": "0001", "width": 452, "height": 424, "position": [-1.7460664422052414, -0.15695043656985097, 1.5005031878393484], "rotation": [[0.9776256823584275, -0.17415898218294834, -0.11796895404392857], [0.14537159344371728, 0.9647187278203075, -0.21951053736074258], [0.1520365910327301, 0.1974498040459065, 0.9684515733217535]], "fy": 378.41869384104143, "fx": 325.98968812522713}, {"id": 1, "img_name": "0009", "width": 452, "height": 424, "position": [-0.3930099580428892, -1.839085750892312, 0.9634308605119354], "rotation": [[0.9788601794115659, -0.172968063053247, -0.10915492808831383], [0.14498932670548875, 0.9632409817622479, -0.22615239595279482], [0.14425964197878088, 0.20554527534659758, 0.9679567632280097]], "fy": 378.41869384104143, "fx": 325.98968812522713}, {"id": 2, "img_name": "0017", "width": 452, "height": 424, "position": [2.202227587402093, -2.6284819718407153, 1.9383377389907348], "rotation": [[0.9808237583484708, -0.16780180032766945, -0.0991327940994981], [0.14165275561424243, 0.9631224521521076, -0.22875672446379114], [0.13386280994388336, 0.21032759678012797, 0.9684229706830708]], "fy": 378.41869384104143, "fx": 325.98968812522713}, {"id": 3, "img_name": "0025", "width": 452, "height": 424, "position": [5.711585129909817, -1.6502323938951429, 1.8155031496479441], "rotation": [[0.9846271248493639, -0.15331875074353082, -0.08368264862752671], [0.13176883983665308, 0.9664857626416741, -0.22032304341362957], [0.1146577422548408, 0.20590927925031619, 0.9718307315883966]], "fy": 378.41869384104143, "fx": 325.98968812522713}, {"id": 4, "img_name": "0033", "width": 452, "height": 424, "position": [6.8574712650555885, 0.9602087472678128, 1.2922205156153614], "rotation": [[0.9861317040517331, -0.1445399763503553, -0.08156259866301357], [0.1251291077910503, 0.9703614464180621, -0.2067398599420588], [0.10902737567895865, 0.1936668751802567, 0.9749903449832076]], "fy": 378.41869384104143, "fx": 325.98968812522713}, {"id": 5, "img_name": "0041", "width": 452, "height": 424, "position": [3.002899491126265, 1.6479051239088767, -1.077951547409795], "rotation": [[0.9829612253282518, -0.15520714269994743, -0.09847828367767028], [0.13253445088534452, 0.9696707924142003, -0.2053610811895405], [0.12736502200251745, 0.1888102147494541, 0.9737190837077002]], "fy": 378.41869384104143, "fx": 325.98968812522713}, {"id": 6, "img_name": "0049", "width": 452, "height": 424, "position": [0.5370561299640761, 1.5164352348212586, -2.8963815278766862], "rotation": [[0.9807793364977447, -0.16320692427497657, -0.1069363968335633], [0.13774022807330705, 0.9672961286643439, -0.21299255630487732], [0.13820102267840362, 0.1941692543624635, 0.9711842142410306]], "fy": 378.41869384104143, "fx": 325.98968812522713}, {"id": 7, "img_name": "0057", "width": 452, "height": 424, "position": [-2.3181356252942504, 0.37461699496515677, -1.7550361831096328], "rotation": [[0.979300795358668, -0.1696514169829469, -0.11040085563780153], [0.14333732524497045, 0.9663628369498906, -0.21353519277575084], [0.14291383208597402, 0.19329062077048065, 0.9706772751644412]], "fy": 378.41869384104143, "fx": 325.98968812522713}, {"id": 8, "img_name": "0065", "width": 452, "height": 424, "position": [-2.659382762761196, 0.06856767200349483, 1.80082106981554], "rotation": [[0.9778231786955176, -0.17388463195219206, -0.11673031301527702], [0.14560384802496054, 0.9650533979628558, -0.21787945869372388], [0.15053687470556187, 0.1960512021161734, 0.9689698527315932]], "fy": 378.41869384104143, "fx": 325.98968812522713}, {"id": 9, "img_name": "0073", "width": 452, "height": 424, "position": [-2.0775416031751535, -0.29955129686092014, -0.04695629222618487], "rotation": [[0.9776235612945563, -0.17467863823287053, -0.1172158084340966], [0.1459789945120058, 0.9645441381383604, -0.2198743703667876], [0.15146717652023714, 0.19784331913925582, 0.9684604873245731]], "fy": 378.41869384104143, "fx": 325.98968812522713}, {"id": 10, "img_name": "0081", "width": 452, "height": 424, "position": [-2.077541640155186, -0.29955126978433666, -0.046956468019202606], "rotation": [[0.9775955498161476, -0.17466790493469495, -0.11746516064513941], [0.14587921705572468, 0.9645025556472901, -0.2201228615592998], [0.15174384669854926, 0.1980554042069296, 0.9683738234037292]], "fy": 378.41869384104143, "fx": 325.98968812522713}, {"id": 11, "img_name": "0089", "width": 452, "height": 424, "position": [-2.0775414909044536, -0.29955133060432526, -0.04695633354144178], "rotation": [[0.9776452230353748, -0.17454497096735366, -0.11723425687962484], [0.14585940224670896, 0.964585554834218, -0.2197720231999437], [0.15144257212668089, 0.19775935000694536, 0.9684814850230672]], "fy": 378.41869384104143, "fx": 325.98968812522713}, {"id": 12, "img_name": "0097", "width": 452, "height": 424, "position": [1.7197141078500118, 1.4523914553224138, 2.7181686000234615], "rotation": [[0.9823661326648784, -0.15724368760983895, -0.10114941472845967], [0.13361077840991675, 0.9688502633136306, -0.20851217511168257], [0.13078586041979726, 0.19132064704042853, 0.9727751378043566]], "fy": 378.41869384104143, "fx": 325.98968812522713}, {"id": 13, "img_name": "0105", "width": 452, "height": 424, "position": [-1.9279198518674847, 0.3081435427775157, -1.4016238470427589], "rotation": [[0.9776339745770599, -0.17394879289578585, -0.11821010617861608], [0.14562753230285852, 0.9654167827007347, -0.21624767632310465], [0.15173804265259438, 0.1941964292407596, 0.9691559798515913]], "fy": 378.41869384104143, "fx": 325.98968812522713}, {"id": 14, "img_name": "0113", "width": 452, "height": 424, "position": [-0.6577999277089552, -0.05337836302296037, -2.222682761785852], "rotation": [[0.9780821885551562, -0.17278037838947435, -0.11619885229530424], [0.1454410034651849, 0.9662650869304964, -0.2125528082388944], [0.14900384874960762, 0.19099403818651037, 0.9702160225614777]], "fy": 378.41869384104143, "fx": 325.98968812522713}, {"id": 15, "img_name": "0121", "width": 452, "height": 424, "position": [-2.0712315368950693, 0.09060756884496383, -0.028552306945762985], "rotation": [[0.9774160463161489, -0.17526197359244391, -0.11807249051404432], [0.14579423879708087, 0.9637152497253636, -0.22359999414212867], [0.1529768359500462, 0.20133593335334288, 0.9675029351911295]], "fy": 378.41869384104143, "fx": 325.98968812522713}, {"id": 16, "img_name": "0002", "width": 452, "height": 424, "position": [-1.7511923736112365, -0.1758035760366939, 1.485911566222978], "rotation": [[0.977722156067729, -0.174277303076555, -0.11699062854192066], [0.1456296086143274, 0.9645986682527647, -0.21986683765368165], [0.15116680399184498, 0.19793137911244696, 0.9684894251015526]], "fy": 378.41869384104143, "fx": 325.98968812522713}, {"id": 17, "img_name": "0003", "width": 452, "height": 424, "position": [-1.7543334618813882, -0.2254772016812152, 1.495696374592352], "rotation": [[0.9779170830736608, -0.1737322038311452, -0.1161692729798901], [0.14493127916910375, 0.964222738341344, -0.22196719393623793], [0.15057590428455056, 0.200228949499051, 0.9681091182461802]], "fy": 378.41869384104143, "fx": 325.98968812522713}, {"id": 18, "img_name": "0004", "width": 452, "height": 424, "position": [-1.74405594639927, -0.2596603957772704, 1.4596882686230086], "rotation": [[0.9784255615103181, -0.1726152779832014, -0.11352262501369843], [0.14402685809129093, 0.9638378836576271, -0.22421596324690538], [0.14812050746459735, 0.20302832273643148, 0.9679048586691057]], "fy": 378.41869384104143, "fx": 325.98968812522713}, {"id": 19, "img_name": "0005", "width": 452, "height": 424, "position": [-1.5937411033176094, -0.7248252903365975, 1.2354203787583078], "rotation": [[0.9786403433972172, -0.17245568310985104, -0.11190225930914731], [0.14439998091937156, 0.9640816708969155, -0.22292415156527245], [0.14632745397177568, 0.2020038841302961, 0.9683918148200199]], "fy": 378.41869384104143, "fx": 325.98968812522713}, {"id": 20, "img_name": "0006", "width": 452, "height": 424, "position": [-1.2183154217996879, -0.9438173713357342, 1.2459802530663016], "rotation": [[0.9784013625479662, -0.173144212190238, -0.11292411411786608], [0.14468614497549379, 0.9637613892826915, -0.22412028908607645], [0.1476370319954089, 0.20294104146997452, 0.9679970250319309]], "fy": 378.41869384104143, "fx": 325.98968812522713}, {"id": 21, "img_name": "0007", "width": 452, "height": 424, "position": [-0.9101556752903844, -1.2768424012032538, 1.1538736247477999], "rotation": [[0.9783915986509598, -0.17389110846051048, -0.11185598816153798], [0.14558990711746683, 0.9635447050872118, -0.2244664345596584], [0.14681096224310544, 0.20333097082533444, 0.9680408347112638]], "fy": 378.41869384104143, "fx": 325.98968812522713}, {"id": 22, "img_name": "0008", "width": 452, "height": 424, "position": [-0.7349504161768491, -1.6321750533601895, 0.931646659648894], "rotation": [[0.9788446266028613, -0.17293561012980524, -0.10934565249582265], [0.14518947073053784, 0.9636373772381618, -0.22432793579610807], [0.14416384622952974, 0.20370635713837826, 0.968359698408458]], "fy": 378.41869384104143, "fx": 325.98968812522713}, {"id": 23, "img_name": "0010", "width": 452, "height": 424, "position": [-0.039279188741706716, -2.0320977782921084, 1.2011255223065131], "rotation": [[0.9790514036868738, -0.1725281331746247, -0.10813136548680428], [0.14456184358740395, 0.9629733638919978, -0.22756136274231775], [0.14338836186166867, 0.20716260207336826, 0.9677414086339482]], "fy": 378.41869384104143, "fx": 325.98968812522713}, {"id": 24, "img_name": "0011", "width": 452, "height": 424, "position": [0.25252960480103664, -2.2400550489020743, 1.1320721460089527], "rotation": [[0.9792839476030579, -0.17209568462163669, -0.10670531993102099], [0.14445467723796507, 0.9630180242722447, -0.22744039032427305], [0.14190065606277763, 0.207314640730925, 0.9679281189982863]], "fy": 378.41869384104143, "fx": 325.98968812522713}, {"id": 25, "img_name": "0012", "width": 452, "height": 424, "position": [0.5613696403859656, -2.317966158766197, 1.1757840527781835], "rotation": [[0.9794766456298117, -0.17199564369507644, -0.1050856755970506], [0.14455910885332846, 0.9627763436299337, -0.22839521928908077], [0.14045698527771336, 0.2085166916495945, 0.9678804805295973]], "fy": 378.41869384104143, "fx": 325.98968812522713}, {"id": 26, "img_name": "0013", "width": 452, "height": 424, "position": [0.7214483968811024, -2.617351673866193, 0.9499125913633311], "rotation": [[0.9801675982647131, -0.17011737112071576, -0.1016442785156184], [0.14368023591897233, 0.9633050496044675, -0.22671429424013592], [0.13648248648911845, 0.20761373136069572, 0.9686429008836211]], "fy": 378.41869384104143, "fx": 325.98968812522713}, {"id": 27, "img_name": "0014", "width": 452, "height": 424, "position": [1.0588636222012089, -2.738447700577341, 1.3728410556401431], "rotation": [[0.9802111471359448, -0.17005423863943642, -0.10132947720775347], [0.14371818700830605, 0.9633557524819245, -0.22647467161479773], [0.13612931261664618, 0.2074301089059795, 0.9687319341106563]], "fy": 378.41869384104143, "fx": 325.98968812522713}, {"id": 28, "img_name": "0015", "width": 452, "height": 424, "position": [1.3768366390215956, -2.714881504445908, 1.458021406484972], "rotation": [[0.9804372352901626, -0.1694171372491869, -0.10020310006617715], [0.14322101233458615, 0.9632468417667446, -0.2272515422439384], [0.13502062539641288, 0.20845468436253084, 0.968667164347424]], "fy": 378.41869384104143, "fx": 325.98968812522713}, {"id": 29, "img_name": "0016", "width": 452, "height": 424, "position": [1.8293781449834834, -2.6207835544735043, 1.637079268685457], "rotation": [[0.9805822515725071, -0.16866649809408177, -0.10005028896345794], [0.1423168052173888, 0.9630424031088022, -0.2286815619308627], [0.13492358894466214, 0.21000224340492715, 0.968346365156182]], "fy": 378.41869384104143, "fx": 325.98968812522713}, {"id": 30, "img_name": "0018", "width": 452, "height": 424, "position": [2.651976139259494, -2.4815915661471224, 2.093076470419922], "rotation": [[0.9811762309445425, -0.16600026956978264, -0.09867681760282546], [0.13979697456514997, 0.9630745240323096, -0.230096212620658], [0.13322916246787944, 0.21197021409315914, 0.9681521670715857]], "fy": 378.41869384104143, "fx": 325.98968812522713}, {"id": 31, "img_name": "0019", "width": 452, "height": 424, "position": [3.318570079384862, -2.0430782102259557, 2.554539570432353], "rotation": [[0.9808932889877495, -0.16732499428227832, -0.09925070230094485], [0.14032428980403278, 0.9618682195219279, -0.2347735546536496], [0.13474957999856282, 0.21636051987863195, 0.9669698424087793]], "fy": 378.41869384104143, "fx": 325.98968812522713}, {"id": 32, "img_name": "0020", "width": 452, "height": 424, "position": [3.6424488630136214, -1.946090612049488, 2.505178780394503], "rotation": [[0.9814946414941327, -0.1655094018125431, -0.09630631666696687], [0.1391811153060921, 0.9620163986476441, -0.23484689879827908], [0.13151762566460912, 0.21709695217729566, 0.9672497234400601]], "fy": 378.41869384104143, "fx": 325.98968812522713}, {"id": 33, "img_name": "0021", "width": 452, "height": 424, "position": [3.90184309794266, -1.833634143179366, 2.57643717632682], "rotation": [[0.9821954107765958, -0.16325305017371824, -0.09295491734368748], [0.13769648193988088, 0.9622080385576862, -0.23493694770374127], [0.1277961420027005, 0.21795442675923754, 0.9675556903585848]], "fy": 378.41869384104143, "fx": 325.98968812522713}, {"id": 34, "img_name": "0022", "width": 452, "height": 424, "position": [4.243514377613801, -1.7916208524827608, 2.468738538812356], "rotation": [[0.9830301319122433, -0.1598840136352624, -0.08993810058299437], [0.13531730151226784, 0.9630268688400138, -0.23295595678934009], [0.12385874076558173, 0.21683254385833814, 0.9683195031909078]], "fy": 378.41869384104143, "fx": 325.98968812522713}, {"id": 35, "img_name": "0023", "width": 452, "height": 424, "position": [4.674736201543873, -1.712082661610807, 2.2976760827292924], "rotation": [[0.9835962111687877, -0.157922417039583, -0.0871722637699718], [0.1343359870722237, 0.9638067339855019, -0.23028335176805856], [0.12038411835344755, 0.21479546019545212, 0.969211315620947]], "fy": 378.41869384104143, "fx": 325.98968812522713}, {"id": 36, "img_name": "0024", "width": 452, "height": 424, "position": [5.188767082259352, -1.666988075325221, 2.0638039512991275], "rotation": [[0.9842777306947461, -0.1547527044021844, -0.08514076190997413], [0.13217200296372678, 0.9650822829866693, -0.22615646950241072], [0.1171661661528505, 0.2113475515482693, 0.9703629743367139]], "fy": 378.41869384104143, "fx": 325.98968812522713}, {"id": 37, "img_name": "0026", "width": 452, "height": 424, "position": [6.201249241956002, -1.5299212319083773, 1.665274541808932], "rotation": [[0.9849169346191605, -0.15202899283046925, -0.08261850421878413], [0.1312846507569374, 0.9676377793298103, -0.21550282710280622], [0.11270746371037321, 0.2014058423994353, 0.9730019086678858]], "fy": 378.41869384104143, "fx": 325.98968812522713}, {"id": 38, "img_name": "0027", "width": 452, "height": 424, "position": [6.639212117770123, -1.266733042931475, 1.536875681719525], "rotation": [[0.98505008940983, -0.15178507702842628, -0.0814715394795067], [0.13174280219951048, 0.9684716212054464, -0.21143924183631352], [0.1109961955307783, 0.19754495516506904, 0.9739896484391013]], "fy": 378.41869384104143, "fx": 325.98968812522713}, {"id": 39, "img_name": "0028", "width": 452, "height": 424, "position": [7.119879652635547, -0.9342139849519446, 1.3179962829924305], "rotation": [[0.985230362588308, -0.15002281644358179, -0.08254869581311891], [0.13007004455800122, 0.9692184263625261, -0.2090392917803452], [0.111368380354529, 0.1952147446933353, 0.9744168960519541]], "fy": 378.41869384104143, "fx": 325.98968812522713}, {"id": 40, "img_name": "0029", "width": 452, "height": 424, "position": [7.538774685026785, -0.7490880678524603, 1.066054711088299], "rotation": [[0.9845164412085478, -0.15321744177863422, -0.08515745724754152], [0.13313880192562608, 0.969601636919578, -0.20529667582472874], [0.11402384141864778, 0.19078019084193645, 0.9749879396025621]], "fy": 378.41869384104143, "fx": 325.98968812522713}, {"id": 41, "img_name": "0030", "width": 452, "height": 424, "position": [7.686624110565206, -0.7160815059238116, 0.8245997770772158], "rotation": [[0.984933016185637, -0.15183913438152466, -0.08277578690494759], [0.132985558069776, 0.970985585903125, -0.19875068128999052], [0.11055222735130317, 0.18474812377568126, 0.9765481738189017]], "fy": 378.41869384104143, "fx": 325.98968812522713}, {"id": 42, "img_name": "0031", "width": 452, "height": 424, "position": [7.518714160289737, 0.0011849508758861318, 1.1023911123648864], "rotation": [[0.9856084732189766, -0.14810663196891025, -0.08148842301691381], [0.12921468687534382, 0.970880191815338, -0.20173055751749475], [0.10899312920851736, 0.18829784573233488, 0.9760452956076872]], "fy": 378.41869384104143, "fx": 325.98968812522713}, {"id": 43, "img_name": "0032", "width": 452, "height": 424, "position": [7.097494773179321, 0.8108587791716559, 1.5550074320314697], "rotation": [[0.9863002433007632, -0.14406118354574118, -0.08036296074844161], [0.12472571759908005, 0.9700908444591306, -0.20824804648775294], [0.10795983250380592, 0.19537177097004327, 0.9747689704097987]], "fy": 378.41869384104143, "fx": 325.98968812522713}, {"id": 44, "img_name": "0034", "width": 452, "height": 424, "position": [6.492956018995817, 1.1077336661251416, 1.1062414455407883], "rotation": [[0.9857606153989747, -0.14610475914843515, -0.08324306867488974], [0.12632960119746844, 0.9701848458845231, -0.206838576376151], [0.11098126413734544, 0.1933772586686501, 0.9748273666861609]], "fy": 378.41869384104143, "fx": 325.98968812522713}, {"id": 45, "img_name": "0035", "width": 452, "height": 424, "position": [6.177504131236815, 1.3568453212638556, 1.0830528711028382], "rotation": [[0.9853380284175245, -0.1468402152693221, -0.08687301614382162], [0.1263116089245795, 0.9701255073394442, -0.2071276839542937], [0.1146924025607173, 0.19311771329695482, 0.9744491785648984]], "fy": 378.41869384104143, "fx": 325.98968812522713}, {"id": 46, "img_name": "0036", "width": 452, "height": 424, "position": [5.490907618789819, 1.4848288118142996, 0.8699947523113679], "rotation": [[0.985326068010841, -0.1472595296031632, -0.0862969909055388], [0.12683109509413298, 0.9700472730084085, -0.2071766430999719], [0.11422089570441364, 0.1931914052695027, 0.97448995270063]], "fy": 378.41869384104143, "fx": 325.98968812522713}, {"id": 47, "img_name": "0037", "width": 452, "height": 424, "position": [5.084646293368446, 1.717159386176199, 0.8208573067409813], "rotation": [[0.9847275735344229, -0.14892830681842045, -0.0901774104152816], [0.12754814097405295, 0.9696536364118539, -0.20857444025414876], [0.11850349216403215, 0.193887041396445, 0.9738402012257772]], "fy": 378.41869384104143, "fx": 325.98968812522713}, {"id": 48, "img_name": "0038", "width": 452, "height": 424, "position": [4.557187578205747, 1.5797554615292173, 0.12702623140543506], "rotation": [[0.9842330388464003, -0.15054633926073208, -0.09285001334610873], [0.12889362676469843, 0.9699487114634311, -0.20636358717048897], [0.12112703340965067, 0.19114208554272377, 0.9740600314722679]], "fy": 378.41869384104143, "fx": 325.98968812522713}, {"id": 49, "img_name": "0039", "width": 452, "height": 424, "position": [3.893566334260016, 1.4906675296026297, -0.49131684462406944], "rotation": [[0.9839622178993274, -0.15229279612550703, -0.09287226709255683], [0.13079811839204997, 0.9700130057566277, -0.20485756243812936], [0.12128563794504173, 0.18942458370356136, 0.9743757597133648]], "fy": 378.41869384104143, "fx": 325.98968812522713}, {"id": 50, "img_name": "0040", "width": 452, "height": 424, "position": [3.4686002088150465, 1.6161118064115274, -0.7140887177259624], "rotation": [[0.9834914418729995, -0.15331861047135786, -0.09611444972375549], [0.13111028392229288, 0.969840910539631, -0.2054719000094058], [0.1247183916364545, 0.18947826241231877, 0.9739318820435156]], "fy": 378.41869384104143, "fx": 325.98968812522713}, {"id": 51, "img_name": "0042", "width": 452, "height": 424, "position": [2.650234897402866, 1.903000510718645, -1.21368546748521], "rotation": [[0.982478219736551, -0.15667032794305724, -0.1009502654058545], [0.13306183184054965, 0.9688903001173279, -0.2086771076227376], [0.13050324383146522, 0.1915880859572672, 0.9727604580104477]], "fy": 378.41869384104143, "fx": 325.98968812522713}, {"id": 52, "img_name": "0043", "width": 452, "height": 424, "position": [2.2518628857242207, 1.7874271808151743, -1.6316545485373712], "rotation": [[0.9820924763121598, -0.15846225749044274, -0.10190231068078204], [0.13484989873118952, 0.9689689532493773, -0.20715856837455246], [0.13156698971717004, 0.18970735512846845, 0.9729857381415841]], "fy": 378.41869384104143, "fx": 325.98968812522713}, {"id": 53, "img_name": "0044", "width": 452, "height": 424, "position": [1.9286066269492685, 1.695219400317099, -2.1021186721797185], "rotation": [[0.981969601933496, -0.15908670392267762, -0.10211327785156014], [0.13535097599983167, 0.9687815154288393, -0.2077077000481558], [0.13196898944246188, 0.19014151571505883, 0.9728465397107169]], "fy": 378.41869384104143, "fx": 325.98968812522713}, {"id": 54, "img_name": "0045", "width": 452, "height": 424, "position": [1.6994841679161625, 1.595829834692645, -2.365981954044916], "rotation": [[0.9815179776446706, -0.16060418799045162, -0.10406130097324215], [0.13651582580812663, 0.9686845229961046, -0.2073975029062175], [0.13411147924111955, 0.18935836318403515, 0.9727062873385891]], "fy": 378.41869384104143, "fx": 325.98968812522713}, {"id": 55, "img_name": "0046", "width": 452, "height": 424, "position": [1.402868021170419, 1.6184439459051005, -2.4569072967882604], "rotation": [[0.9814527285358963, -0.16009622998535228, -0.1054501720905268], [0.13560655874914873, 0.9685947753366023, -0.20841070609460197], [0.13550425407956096, 0.190245521195938, 0.9723400839167476]], "fy": 378.41869384104143, "fx": 325.98968812522713}, {"id": 56, "img_name": "0047", "width": 452, "height": 424, "position": [-5.7757769699349755, -11.27369039393929, -11.96848651032084], "rotation": [[0.9960714430771144, -0.08846699361834894, -0.003907854450428307], [0.08770842022091967, 0.9916886023343263, -0.09413261402160743], [0.012203004081999274, 0.09342005694882317, 0.9955519974622387]], "fy": 378.41869384104143, "fx": 325.98968812522713}, {"id": 57, "img_name": "0048", "width": 452, "height": 424, "position": [1.210811075865868, 1.410241693903091, -2.9796329468814715], "rotation": [[0.9803776882318856, -0.16362666079395388, -0.10993590994085631], [0.13808614181097698, 0.9680331285329854, -0.2093897788871251], [0.1406833531618523, 0.19010044171453352, 0.9716326549694987]], "fy": 378.41869384104143, "fx": 325.98968812522713}, {"id": 58, "img_name": "0050", "width": 452, "height": 424, "position": [0.21500803877391436, 1.3080567494911683, -3.2016164767511524], "rotation": [[0.9806995290250516, -0.16350902057302394, -0.10720650148798036], [0.13806628414085267, 0.9673751106457837, -0.21242197740957736], [0.1384418107133074, 0.19352052990395646, 0.9712793982949051]], "fy": 378.41869384104143, "fx": 325.98968812522713}, {"id": 59, "img_name": "0051", "width": 452, "height": 424, "position": [-0.10600017843878633, 1.0739603469096148, -3.310409146350062], "rotation": [[0.98047586087134, -0.16417670209512555, -0.1082270610234489], [0.13889416862147472, 0.9678188820769362, -0.20984523205996072], [0.13919589136017732, 0.19071607689053854, 0.9717262381164397]], "fy": 378.41869384104143, "fx": 325.98968812522713}, {"id": 60, "img_name": "0052", "width": 452, "height": 424, "position": [-0.14455758260957297, 0.5825027918562444, -3.3132337442171425], "rotation": [[0.9792976605239833, -0.16836113474305267, -0.11238603294130874], [0.14294716718854278, 0.9682791074522776, -0.20494310787189543], [0.1433255018655929, 0.18463504103894318, 0.9723002119384341]], "fy": 378.41869384104143, "fx": 325.98968812522713}, {"id": 61, "img_name": "0053", "width": 452, "height": 424, "position": [-0.620312213858771, 1.0879051373893798, -3.105894932506914], "rotation": [[0.9796597945258868, -0.16732519283608008, -0.11076536837778166], [0.1409055363053085, 0.9666233108155278, -0.2139743088002412], [0.14287167958700017, 0.19401457375773665, 0.9705390400914293]], "fy": 378.41869384104143, "fx": 325.98968812522713}, {"id": 62, "img_name": "0054", "width": 452, "height": 424, "position": [-3.535298678559122, 1.3958533822493588, -2.4458357633550505], "rotation": [[0.9819435820197959, -0.1665359903385001, -0.08973608890578678], [0.14358979886656553, 0.9649682055483598, -0.21958672988647915], [0.12316156621118272, 0.2027365931516885, 0.9714572056481208]], "fy": 378.41869384104143, "fx": 325.98968812522713}, {"id": 63, "img_name": "0055", "width": 452, "height": 424, "position": [-3.2372216239412666, 1.0484718739480547, -2.043549798572092], "rotation": [[0.981246450314241, -0.16734171463409223, -0.09566689233493314], [0.1434484387050148, 0.9654681259757908, -0.2174714766535789], [0.1287553850477535, 0.19966984816971375, 0.9713670791997681]], "fy": 378.41869384104143, "fx": 325.98968812522713}, {"id": 64, "img_name": "0056", "width": 452, "height": 424, "position": [-2.8813141670244433, 0.7629815284917072, -1.812601171671777], "rotation": [[0.980180617597127, -0.16928203723387894, -0.10290553316932162], [0.14407363156238462, 0.9656563908629383, -0.21621869362751814], [0.1359733267054277, 0.1971073987842971, 0.9709067554452112]], "fy": 378.41869384104143, "fx": 325.98968812522713}, {"id": 65, "img_name": "0058", "width": 452, "height": 424, "position": [-2.2808313774400313, 0.2746970679521994, -1.3410680914608526], "rotation": [[0.9785577819397536, -0.17205033523834862, -0.11324022937773268], [0.1450494729529932, 0.9659624638756201, -0.21418956272283718], [0.14623719705057447, 0.1931714278243891, 0.9702058965348944]], "fy": 378.41869384104143, "fx": 325.98968812522713}, {"id": 66, "img_name": "0059", "width": 452, "height": 424, "position": [-2.147175780817957, 0.2241125391610594, -0.8253716033121191], "rotation": [[0.9777643378099529, -0.17349143582089752, -0.11780331660809766], [0.14549939240843773, 0.9657838472663889, -0.2146892805151388], [0.15101929186643587, 0.19277521120760288, 0.9695519023899775]], "fy": 378.41869384104143, "fx": 325.98968812522713}, {"id": 67, "img_name": "0060", "width": 452, "height": 424, "position": [-2.0029362891542704, 0.3014788875151606, -0.550526803528777], "rotation": [[0.9770657040491613, -0.17527292211786022, -0.12092151480685029], [0.14629784869875664, 0.9651725502071649, -0.21688450334847206], [0.15472410748500867, 0.1942198524838905, 0.9686790487380756]], "fy": 378.41869384104143, "fx": 325.98968812522713}, {"id": 68, "img_name": "0061", "width": 452, "height": 424, "position": [-1.9397829634406596, 0.3174071728705324, -0.5165136232182488], "rotation": [[0.9769735285647361, -0.1754554469525699, -0.12140062033796586], [0.14629392406453062, 0.9650477135432571, -0.2174419425196824], [0.15530876429091287, 0.19467484870831533, 0.9684941357668739]], "fy": 378.41869384104143, "fx": 325.98968812522713}, {"id": 69, "img_name": "0062", "width": 452, "height": 424, "position": [-1.3732050820510442, -0.22547668875176044, 0.7309855692321151], "rotation": [[0.9692366995193551, -0.18551066809089883, -0.16175911822613157], [0.14809107818628725, 0.964476920913768, -0.21875397501833008], [0.19659413232965575, 0.18806929852893478, 0.9622789024416905]], "fy": 378.41869384104143, "fx": 325.98968812522713}, {"id": 70, "img_name": "0063", "width": 452, "height": 424, "position": [0.15591098798365027, 0.7907550060242158, 0.898816493714345], "rotation": [[0.9808782793612585, -0.16275297393022534, -0.10672052545862251], [0.13775778362954022, 0.9679455191109835, -0.21001015471268497], [0.13747943164987952, 0.19129281614801036, 0.9718572242687656]], "fy": 378.41869384104143, "fx": 325.98968812522713}, {"id": 71, "img_name": "0064", "width": 452, "height": 424, "position": [-1.2568173843166124, -1.552316879492314, 1.613502833230431], "rotation": [[0.9781327493750843, -0.1752547502363011, -0.11199150467580128], [0.14630542419907885, 0.9625118381416223, -0.2283980829323294], [0.14782099800050696, 0.2070186802123117, 0.967105071123757]], "fy": 378.41869384104143, "fx": 325.98968812522713}, {"id": 72, "img_name": "0066", "width": 452, "height": 424, "position": [-2.836626129462871, 0.15674386918819141, 2.3907335636253464], "rotation": [[0.9748341973115833, -0.18150000403985941, -0.12944510915987575], [0.14789174130611707, 0.9609962838982054, -0.23369675904317652], [0.16681223158187675, 0.20867172991895905, 0.9636543926778434]], "fy": 378.41869384104143, "fx": 325.98968812522713}, {"id": 73, "img_name": "0067", "width": 452, "height": 424, "position": [-7.678885397121787, -1.5514255812582574, 1.7664038566713858], "rotation": [[0.9731635020258748, -0.18899957987074587, -0.13127054937577073], [0.15614296281174334, 0.9613853702153541, -0.22662203136556866], [0.16903305442754576, 0.2000433171704763, 0.9650961080464092]], "fy": 378.41869384104143, "fx": 325.98968812522713}, {"id": 74, "img_name": "0068", "width": 452, "height": 424, "position": [-9.452044888362341, -1.7552210719687662, 1.661650642602052], "rotation": [[0.971294641591491, -0.1945452368760389, -0.13688999241910646], [0.1600334298798847, 0.960166691414129, -0.22906162057342724], [0.1760000583424254, 0.20057934965417212, 0.9637385039292411]], "fy": 378.41869384104143, "fx": 325.98968812522713}, {"id": 75, "img_name": "0069", "width": 452, "height": 424, "position": [2.8312527686375226, 0.3598038724987479, 0.051564302360071534], "rotation": [[0.9820637705077274, -0.16014713366446726, -0.09951706504515086], [0.1360061594679328, 0.9672370950026259, -0.2143705358431158], [0.13058742375485002, 0.1969906028975408, 0.9716695050927215]], "fy": 378.41869384104143, "fx": 325.98968812522713}, {"id": 76, "img_name": "0070", "width": 452, "height": 424, "position": [5.6456319879539185, 0.7547182271521677, -0.8802332877619028], "rotation": [[0.9847401331761121, -0.14979621824981676, -0.0885887301542713], [0.12861539793457843, 0.9693356701758747, -0.20939541050084598], [0.11723885672601499, 0.19480618964175914, 0.9738098371606418]], "fy": 378.41869384104143, "fx": 325.98968812522713}, {"id": 77, "img_name": "0071", "width": 452, "height": 424, "position": [3.92888368435442, 0.5985371434756125, -0.7591566054626552], "rotation": [[0.9829890782219685, -0.15606617472713938, -0.09682882423309029], [0.13279415253539545, 0.9681365017866342, -0.21231445301896976], [0.12687862368709246, 0.1958444868112865, 0.9723922828966164]], "fy": 378.41869384104143, "fx": 325.98968812522713}, {"id": 78, "img_name": "0072", "width": 452, "height": 424, "position": [-2.0775417165678314, -0.29955129910822176, -0.0469564286123648], "rotation": [[0.9776463525011669, -0.17450501888873782, -0.11728430339907174], [0.14579289633663087, 0.9645708347829478, -0.21988073145208434], [0.15149930963189465, 0.197866376802044, 0.9684507504836222]], "fy": 378.41869384104143, "fx": 325.98968812522713}, {"id": 79, "img_name": "0074", "width": 452, "height": 424, "position": [-2.077541642585398, -0.299551296480868, -0.04695625821284239], "rotation": [[0.9776642137522741, -0.17448121355016338, -0.11717077820945826], [0.14581887011827555, 0.9646056525226626, -0.21971070123860048], [0.15135898475339113, 0.19771757949001487, 0.9685030802713187]], "fy": 378.41869384104143, "fx": 325.98968812522713}, {"id": 80, "img_name": "0075", "width": 452, "height": 424, "position": [-2.0775416508291977, -0.2995511828265971, -0.04695648467968817], "rotation": [[0.9776466772403263, -0.17459657346180624, -0.11714525605565713], [0.1459191457191051, 0.9645632511204572, -0.21983024701014264], [0.1513756169056165, 0.1978225748576988, 0.9684790402910711]], "fy": 378.41869384104143, "fx": 325.98968812522713}, {"id": 81, "img_name": "0076", "width": 452, "height": 424, "position": [-2.0775416508291964, -0.2995511828265972, -0.04695648467968792], "rotation": [[0.977646677303749, -0.17459657310578988, -0.11714525605697354], [0.14591914537099757, 0.9645632511780907, -0.21983024698832762], [0.1513756168315657, 0.19782257489090074, 0.9684790402958635]], "fy": 378.41869384104143, "fx": 325.98968812522713}, {"id": 82, "img_name": "0077", "width": 452, "height": 424, "position": [-2.07754160241725, -0.2995512263411813, -0.046956635139698256], "rotation": [[0.9776461757206216, -0.17453588823357574, -0.11723983460138533], [0.14584575059264107, 0.9645824223937726, -0.21979483033736458], [0.1514495696029295, 0.1977826436456912, 0.9684756340453841]], "fy": 378.41869384104143, "fx": 325.98968812522713}, {"id": 83, "img_name": "0078", "width": 452, "height": 424, "position": [-2.077541632500908, -0.2995512388608541, -0.04695651581736811], "rotation": [[0.9776002891140959, -0.17468028667546376, -0.11740729181364358], [0.14593952578893177, 0.9645464672952739, -0.2198903527686213], [0.15165529841234687, 0.19783050794855883, 0.9684336634939313]], "fy": 378.41869384104143, "fx": 325.98968812522713}, {"id": 84, "img_name": "0079", "width": 452, "height": 424, "position": [-2.0775416344245685, -0.2995512279376592, -0.046956570508798076], "rotation": [[0.9776203673109567, -0.17455165132306957, -0.1174314201531249], [0.14580719335023853, 0.9645656776425614, -0.21989387413312014], [0.15165315620229058, 0.19785038421579043, 0.9684299384465288]], "fy": 378.41869384104143, "fx": 325.98968812522713}, {"id": 85, "img_name": "0080", "width": 452, "height": 424, "position": [-2.0775416321221987, -0.2995512313168436, -0.04695656655745243], "rotation": [[0.977568328213276, -0.174838248519899, -0.11743828391455051], [0.14608496941467536, 0.9645183906882915, -0.2199169291691334], [0.15172127532226287, 0.19782785667989813, 0.9684238709036576]], "fy": 378.41869384104143, "fx": 325.98968812522713}, {"id": 86, "img_name": "0082", "width": 452, "height": 424, "position": [-2.077541631477255, -0.299551271573267, -0.046956447761457576], "rotation": [[0.9775706653186095, -0.174861532988745, -0.11738414965129317], [0.14610683070309774, 0.9644975734321811, -0.21999369278534117], [0.15168516186637201, 0.1979087545417351, 0.9684129989551524]], "fy": 378.41869384104143, "fx": 325.98968812522713}, {"id": 87, "img_name": "0083", "width": 452, "height": 424, "position": [-2.0775416124509283, -0.299551272470512, -0.04695644887377652], "rotation": [[0.9775830732542264, -0.17477390172834756, -0.11741132041447963], [0.14600691923019052, 0.9645010920058077, -0.22004459333624443], [0.15170139888521236, 0.19796900463015535, 0.968398140633291]], "fy": 378.41869384104143, "fx": 325.98968812522713}, {"id": 88, "img_name": "0084", "width": 452, "height": 424, "position": [-2.0775415941705453, -0.2995512915684537, -0.04695641051719991], "rotation": [[0.977580128224411, -0.17482023192971183, -0.1173668582215004], [0.14608392222509317, 0.964521945484744, -0.21990203351869536], [0.15164623492878726, 0.19782644713578176, 0.9684359123068274]], "fy": 378.41869384104143, "fx": 325.98968812522713}, {"id": 89, "img_name": "0085", "width": 452, "height": 424, "position": [-2.0775415671835455, -0.2995513034441457, -0.04695639838361648], "rotation": [[0.9775778764291265, -0.17481739162302526, -0.11738984241594817], [0.14605766074635862, 0.9644985094115466, -0.22002223769475324], [0.1516860417230964, 0.1979431861141643, 0.9684058239278368]], "fy": 378.41869384104143, "fx": 325.98968812522713}, {"id": 90, "img_name": "0086", "width": 452, "height": 424, "position": [-2.07754154338442, -0.2995513266256328, -0.04695637739216965], "rotation": [[0.9775953064248897, -0.17474669013963923, -0.11734995160317228], [0.14600635143672924, 0.964521429349874, -0.2199558084366278], [0.15162309255571954, 0.19789392767368355, 0.968425748931596]], "fy": 378.41869384104143, "fx": 325.98968812522713}, {"id": 91, "img_name": "0087", "width": 452, "height": 424, "position": [-2.077541520417149, -0.29955133474373274, -0.04695636988413987], "rotation": [[0.9776278462933751, -0.17456351748437102, -0.11735149132099147], [0.1458254609319448, 0.9645490022549092, -0.21995489808832433], [0.15158736456500216, 0.1979211979868326, 0.9684257691179505]], "fy": 378.41869384104143, "fx": 325.98968812522713}, {"id": 92, "img_name": "0088", "width": 452, "height": 424, "position": [-2.0775414991002243, -0.2995513301132157, -0.046956360451918415], "rotation": [[0.9776176148694496, -0.17463347317390557, -0.11733264313134363], [0.14590646616627395, 0.9645486756239605, -0.2199026045387681], [0.1515754011303892, 0.19786106842752738, 0.9684399286341301]], "fy": 378.41869384104143, "fx": 325.98968812522713}, {"id": 93, "img_name": "0090", "width": 452, "height": 424, "position": [-2.077541481408606, -0.2995513380142327, -0.04695633072236815], "rotation": [[0.9775754011403373, -0.174753306487344, -0.11750581669453262], [0.14601115328699302, 0.9645638989615833, -0.21976630300351047], [0.15174675680590646, 0.1976809720022869, 0.96844987227379]], "fy": 378.41869384104143, "fx": 325.98968812522713}, {"id": 94, "img_name": "0091", "width": 452, "height": 424, "position": [-2.0775414722828764, -0.29955133601900996, -0.04695635204633596], "rotation": [[0.9775201900023399, -0.1748625397073187, -0.11780225101794799], [0.14602958221895945, 0.9645180607721711, -0.21995515806919932], [0.15208431626813262, 0.1978079944071945, 0.9683709816459071]], "fy": 378.41869384104143, "fx": 325.98968812522713}, {"id": 95, "img_name": "0092", "width": 452, "height": 424, "position": [4.505440057436139, 0.2990175732978398, 0.6256894592956703], "rotation": [[0.9847029604031919, -0.15091239206240734, -0.08709494643888363], [0.12987418230377684, 0.9689242631298869, -0.210519521871799], [0.11615841142213978, 0.19598781145828378, 0.9737022138290932]], "fy": 378.41869384104143, "fx": 325.98968812522713}, {"id": 96, "img_name": "0093", "width": 452, "height": 424, "position": [5.923922437891119, -0.19515299493946398, 0.4313031584855488], "rotation": [[0.9839198771200363, -0.15394725160046566, -0.09056444739938371], [0.13114595767312223, 0.966913671157977, -0.21881199764593198], [0.12125350796613041, 0.20341631265084578, 0.9715551402537278]], "fy": 378.41869384104143, "fx": 325.98968812522713}, {"id": 97, "img_name": "0094", "width": 452, "height": 424, "position": [6.320008618384966, 0.512441189951561, -2.4937794727844445], "rotation": [[0.984562306954733, -0.15044438010363595, -0.08946257440520457], [0.12875124802916568, 0.9687271738407046, -0.21211029865033354], [0.1185756292621141, 0.19731738686145764, 0.9731421627836602]], "fy": 378.41869384104143, "fx": 325.98968812522713}, {"id": 98, "img_name": "0095", "width": 452, "height": 424, "position": [7.90056860447257, -0.5179742822337203, 0.5603462524299767], "rotation": [[0.9858682654816739, -0.14720593663575782, -0.07996358755924385], [0.12774095477020017, 0.9693947868612787, -0.20965685221469404], [0.1083790182210251, 0.19647941221757978, 0.974499783983599]], "fy": 378.41869384104143, "fx": 325.98968812522713}, {"id": 99, "img_name": "0096", "width": 452, "height": 424, "position": [4.5188072169109645, 1.9514657581726862, 2.9480571155781035], "rotation": [[0.9846595149362659, -0.14828981245338682, -0.091955267211927], [0.12706508664418417, 0.9705723428666184, -0.20455754940482992], [0.11958303977397258, 0.18973523337783846, 0.974525750205439]], "fy": 378.41869384104143, "fx": 325.98968812522713}, {"id": 100, "img_name": "0098", "width": 452, "height": 424, "position": [-0.1257424354538587, 1.1545194882121048, 2.779627597749109], "rotation": [[0.9806169211937098, -0.16362352199436397, -0.10778588459872253], [0.13761288235135097, 0.9667415935545587, -0.21557686773525972], [0.13947454419901312, 0.19656559806271376, 0.9705198695434963]], "fy": 378.41869384104143, "fx": 325.98968812522713}, {"id": 101, "img_name": "0099", "width": 452, "height": 424, "position": [-1.1673080905758, 0.23790628648078