[{"id": 0, "img_name": "0001", "width": 631, "height": 467, "position": [-2.327493117685367, 0.16663072668758164, -0.9172681901835331], "rotation": [[0.9904609116377835, 0.014949713530246322, 0.13698061389486652], [-0.018872388176039905, 0.9994468534502312, 0.027382843040216105], [-0.13649547788181046, -0.029706786998862946, 0.9901951783986933]], "fy": 567.9201401566633, "fx": 595.2346075935687}, {"id": 1, "img_name": "0009", "width": 631, "height": 467, "position": [-1.8349118101691713, 0.13856935591515276, -0.563158673560821], "rotation": [[0.994108103208628, 0.013939571633535503, 0.10749310432589336], [-0.01639720560789112, 0.9996232026037923, 0.022013279273885335], [-0.10714574552074574, -0.023646165837426115, 0.993962095885951]], "fy": 567.9201401566633, "fx": 595.2346075935687}, {"id": 2, "img_name": "0017", "width": 631, "height": 467, "position": [-0.9687165215648764, 0.031208822588971553, -0.34625104798497347], "rotation": [[0.9980747926716268, 0.0089601234600919, 0.06137120188711683], [-0.009870737889152435, 0.9998454103117201, 0.014550739229045314], [-0.06123133811221989, -0.015128505087018294, 0.9980089436306767]], "fy": 567.9201401566633, "fx": 595.2346075935687}, {"id": 3, "img_name": "0025", "width": 631, "height": 467, "position": [0.47113193935280945, -0.036133041438983195, -0.13578833462412243], "rotation": [[0.9999990370515319, 0.0005813322827377112, 0.0012601383994695098], [-0.0005883121763456852, 0.9999844493514908, 0.0055457140188751525], [-0.0012568949009101838, -0.0055464500334026215, 0.9999838284228575]], "fy": 567.9201401566633, "fx": 595.2346075935687}, {"id": 4, "img_name": "0033", "width": 631, "height": 467, "position": [1.3798852496240113, -0.0276189862061342, 0.2479472865202008], "rotation": [[0.9998983519250629, -0.011222342163031132, -0.008794592311141382], [0.01126464929416737, 0.9999251464042294, 0.004775904601206111], [0.008740337168710827, -0.004874487137767502, 0.9999499216867419]], "fy": 567.9201401566633, "fx": 595.2346075935687}, {"id": 5, "img_name": "0041", "width": 631, "height": 467, "position": [1.7146310780758198, -0.11170140413114252, 0.7002581678594546], "rotation": [[0.9994056071248847, -0.032732239731488005, 0.010818175886033456], [0.032576494227974165, 0.9993673366092776, 0.014272299824969007], [-0.011278495961586523, -0.013911398227332956, 0.9998396214034555]], "fy": 567.9201401566633, "fx": 595.2346075935687}, {"id": 6, "img_name": "0049", "width": 631, "height": 467, "position": [1.5740537546862459, -0.07643617997009002, 0.7362195412173554], "rotation": [[0.9964600249543922, -0.05163874192932531, 0.06633897044610013], [0.052355657803896484, 0.9985869206632818, -0.00911301136538805], [-0.06577464377564728, 0.012553971968303056, 0.9977555281851391]], "fy": 567.9201401566633, "fx": 595.2346075935687}, {"id": 7, "img_name": "0057", "width": 631, "height": 467, "position": [1.437873720542572, -0.07264463375819166, 0.5813495949094766], "rotation": [[0.9931507985039221, -0.06248273783270017, 0.09872891625026534], [0.06615867046242713, 0.9972157888581934, -0.03440495276228101], [-0.09630431845803082, 0.04070108014366298, 0.9945194318470971]], "fy": 567.9201401566633, "fx": 595.2346075935687}, {"id": 8, "img_name": "0065", "width": 631, "height": 467, "position": [-8.308125903980123, 0.44190819868703185, -1.1710106368311326], "rotation": [[0.9347962377008093, 0.0026240236330447053, 0.3551747576621759], [-0.010813706071257013, 0.9997194137326106, 0.021075046076571537], [-0.35501979908368014, -0.023541629215038978, 0.934562322133995]], "fy": 567.9201401566633, "fx": 595.2346075935687}, {"id": 9, "img_name": "0002", "width": 631, "height": 467, "position": [-2.267009336316638, 0.16140261400633926, -0.8660378416672359], "rotation": [[0.9909250406703543, 0.01493294335117472, 0.1335835729995553], [-0.018670329456700843, 0.9994672757970439, 0.026769075606264247], [-0.13311266870750943, -0.029020196651750135, 0.9906759538899985]], "fy": 567.9201401566633, "fx": 595.2346075935687}, {"id": 10, "img_name": "0003", "width": 631, "height": 467, "position": [-2.206482058572987, 0.15612403185440205, -0.8227120302614706], "rotation": [[0.991389030395255, 0.014880270646461724, 0.13010137569389507], [-0.018475910075156577, 0.9994787489032408, 0.026473972835737252], [-0.1296396203282419, -0.028649747578306444, 0.9911471943182043]], "fy": 567.9201401566633, "fx": 595.2346075935687}, {"id": 11, "img_name": "0004", "width": 631, "height": 467, "position": [-2.143359276303614, 0.15379480888579256, -0.7763095217195384], "rotation": [[0.9918643522887447, 0.01489927345724996, 0.12642435805364086], [-0.018317424455944597, 0.9994962447119593, 0.025917730764710267], [-0.1259745157566794, -0.028022641865772278, 0.9916376116922616]], "fy": 567.9201401566633, "fx": 595.2346075935687}, {"id": 12, "img_name": "0005", "width": 631, "height": 467, "position": [-2.085162638877094, 0.14739689156124464, -0.727485708208445], "rotation": [[0.9923110125976299, 0.014754178496255724, 0.12288681171861719], [-0.018021986219580743, 0.9995117730194216, 0.025523001552980717], [-0.12245024414090605, -0.027541419942930308, 0.9920924391896955]], "fy": 567.9201401566633, "fx": 595.2346075935687}, {"id": 13, "img_name": "0006", "width": 631, "height": 467, "position": [-2.0211929889781612, 0.14468204519205996, -0.6842786253914037], "rotation": [[0.9927671700549583, 0.014356808650509409, 0.1191940774805609], [-0.017446619650331178, 0.9995372078181882, 0.02491958366017591], [-0.11878114969912511, -0.02681887828363607, 0.9925582029502157]], "fy": 567.9201401566633, "fx": 595.2346075935687}, {"id": 14, "img_name": "0007", "width": 631, "height": 467, "position": [-1.9576460049135813, 0.14220666617388342, -0.6451463566337843], "rotation": [[0.9932184633584483, 0.0140251375095476, 0.11541394873116814], [-0.016906716715631265, 0.999568354800538, 0.024026381567839164], [-0.11502715754890155, -0.02581471671710322, 0.9930268644034945]], "fy": 567.9201401566633, "fx": 595.2346075935687}, {"id": 15, "img_name": "0008", "width": 631, "height": 467, "position": [-1.8960119219498826, 0.14068787164105237, -0.6100121200206952], "rotation": [[0.9936534445107209, 0.01377589068423042, 0.11163806271982638], [-0.016450494600213666, 0.9995984476179608, 0.02307216390309532], [-0.11127539458203729, -0.024762236482577398, 0.9934810608184702]], "fy": 567.9201401566633, "fx": 595.2346075935687}, {"id": 16, "img_name": "0010", "width": 631, "height": 467, "position": [-1.77529753909654, 0.13239514125298213, -0.5282735188639416], "rotation": [[0.9945651455671172, 0.013414160934810297, 0.10324839712786771], [-0.015669854075518613, 0.9996552550363345, 0.021067196099457314], [-0.10293020400402797, -0.022570586271872646, 0.9944324721865399]], "fy": 567.9201401566633, "fx": 595.2346075935687}, {"id": 17, "img_name": "0011", "width": 631, "height": 467, "position": [-1.719140892176494, 0.12880151637296905, -0.48454256710880866], "rotation": [[0.9950291845190202, 0.013311520120023788, 0.09869004705393469], [-0.015353054493109313, 0.9996829749498057, 0.01995578395447269], [-0.09839311801719294, -0.021371781105003287, 0.9949181078356419]], "fy": 567.9201401566633, "fx": 595.2346075935687}, {"id": 18, "img_name": "0012", "width": 631, "height": 467, "position": [-1.6608510640854874, 0.11998996527217591, -0.45355297406050626], "rotation": [[0.995484541568272, 0.013442835802252995, 0.09396710948092724], [-0.015278964996738923, 0.9997056091211753, 0.018848032265678376], [-0.09368607541804344, -0.02019864493606666, 0.9953968726169033]], "fy": 567.9201401566633, "fx": 595.2346075935687}, {"id": 19, "img_name": "0013", "width": 631, "height": 467, "position": [-1.608065717031737, 0.11522288347034777, -0.4334824241532376], "rotation": [[0.9958738578287543, 0.013055027724332372, 0.08980437374867084], [-0.014680619235583852, 0.9997396962039238, 0.017464800398112844], [-0.0895529938758825, -0.018711121965372106, 0.9958062839742794]], "fy": 567.9201401566633, "fx": 595.2346075935687}, {"id": 20, "img_name": "0014", "width": 631, "height": 467, "position": [-1.5632649129351759, 0.1169285853116085, -0.40886894912664545], "rotation": [[0.9962062589823705, 0.012778636526346967, 0.0860801720077143], [-0.014181736303494598, 0.9997760411879562, 0.01570814508324472], [-0.08586016491812899, -0.016869318749304404, 0.996164373065593]], "fy": 567.9201401566633, "fx": 595.2346075935687}, {"id": 21, "img_name": "0015", "width": 631, "height": 467, "position": [-1.3464820417214591, 0.061890141447102094, -0.38778123026784905], "rotation": [[0.9969730452598203, 0.01109094009841059, 0.07695283018248285], [-0.012374130705569085, 0.9997919024630957, 0.01621828161382166], [-0.07675694049818602, -0.017121413988254633, 0.9969028183671669]], "fy": 567.9201401566633, "fx": 595.2346075935687}, {"id": 22, "img_name": "0016", "width": 631, "height": 467, "position": [-1.226956951298844, 0.017364605939273373, -0.3929368373798824], "rotation": [[0.9974014277232355, 0.010631644003808088, 0.0712555971235111], [-0.01182439107383492, 0.9997966040120071, 0.0163381266304027], [-0.07106740287491055, -0.017138224874074685, 0.9973242729908768]], "fy": 567.9201401566633, "fx": 595.2346075935687}, {"id": 23, "img_name": "0018", "width": 631, "height": 467, "position": [-0.7007842602779634, 0.000270191119527024, -0.3127959830763343], "rotation": [[0.9986596602991523, 0.007863577458016, 0.05115708201943518], [-0.008613667060046666, 0.999858367258931, 0.014458567082641323], [-0.05103614043949742, -0.014879837763442006, 0.9985859516321934]], "fy": 567.9201401566633, "fx": 595.2346075935687}, {"id": 24, "img_name": "0019", "width": 631, "height": 467, "position": [-0.4805756165574012, -0.01612018729950706, -0.2778493687842541], "rotation": [[0.9990763369858319, 0.006687103570681287, 0.042447090840331825], [-0.007279630863747561, 0.9998779997148429, 0.013820009433149323], [-0.042349496448717945, -0.014116243554138045, 0.999003129033368]], "fy": 567.9201401566633, "fx": 595.2346075935687}, {"id": 25, "img_name": "0020", "width": 631, "height": 467, "position": [-0.2932477375452799, -0.0043996805715483004, -0.251129446067164], "rotation": [[0.9993829882273775, 0.005604624606670797, 0.03467320326614829], [-0.006028060257226951, 0.9999083831613523, 0.01211972661348859], [-0.03460210009887517, -0.012321260758086523, 0.999325212932246]], "fy": 567.9201401566633, "fx": 595.2346075935687}, {"id": 26, "img_name": "0021", "width": 631, "height": 467, "position": [-0.11384153678476652, -0.009747172289803844, -0.22518452464312402], "rotation": [[0.9996306848260061, 0.004234453112598192, 0.02684331129214535], [-0.0045226582412053505, 0.9999326862621873, 0.010684966397659819], [-0.026796259379306436, -0.010802423400472211, 0.9995825469324451]], "fy": 567.9201401566633, "fx": 595.2346075935687}, {"id": 27, "img_name": "0022", "width": 631, "height": 467, "position": [0.03908322693356052, -0.021823799530969308, -0.20924129772179728], "rotation": [[0.9997965285839392, 0.0033580528784141347, 0.019890322078094103], [-0.003543650854667265, 0.9999504454133294, 0.009303185277321761], [-0.01985809583330585, -0.009371776701871157, 0.999758883847163]], "fy": 567.9201401566633, "fx": 595.2346075935687}, {"id": 28, "img_name": "0023", "width": 631, "height": 467, "position": [0.20704079486573818, -0.03862083995014447, -0.1903048471963869], "rotation": [[0.999919872382802, 0.0025271132596199277, 0.012404132881175003], [-0.002628583966397172, 0.9999631626282574, 0.008170919949737896], [-0.012383027105372636, -0.008202870538200529, 0.9998896806921457]], "fy": 567.9201401566633, "fx": 595.2346075935687}, {"id": 29, "img_name": "0024", "width": 631, "height": 467, "position": [0.36203200110848455, -0.04335270104497778, -0.17354937129782222], "rotation": [[0.9999833841923594, 0.0015659469440810888, 0.005547895940310725], [-0.0016036333834398041, 0.9999756278628252, 0.006795001127311798], [-0.005537120114979493, -0.006803785014017881, 0.9999615236649433]], "fy": 567.9201401566633, "fx": 595.2346075935687}, {"id": 30, "img_name": "0026", "width": 631, "height": 467, "position": [0.6189738498088628, -0.06060095486079586, -0.0956047226760801], "rotation": [[0.9999924999723435, -9.353299929163578e-05, -0.0038718536440060444], [0.00011540137738531712, 0.9999840421302495, 0.0056482003655883295], [0.003871263564349106, -0.0056486048211729315, 0.9999765530161143]], "fy": 567.9201401566633, "fx": 595.2346075935687}, {"id": 31, "img_name": "0027", "width": 631, "height": 467, "position": [0.751144352788297, -0.07742983720550876, -0.047866159953390934], "rotation": [[0.9999707254775805, -0.0011219598605200815, -0.00756897575058956], [0.0011650296077754091, 0.9999831428701835, 0.005688293371744464], [0.007562466122544794, -0.005696944930522595, 0.9999551759577047]], "fy": 567.9201401566633, "fx": 595.2346075935687}, {"id": 32, "img_name": "0028", "width": 631, "height": 467, "position": [0.889946231237653, -0.049360281945274476, 0.0016635690174081096], "rotation": [[0.9999430195575082, -0.0022040977052280837, -0.010445074988648282], [0.002252964065965819, 0.9999865624074992, 0.004668956773228964], [0.010434643795077261, -0.004692223112621793, 0.9999345484836151]], "fy": 567.9201401566633, "fx": 595.2346075935687}, {"id": 33, "img_name": "0029", "width": 631, "height": 467, "position": [0.9811075551854259, -0.031215158324845536, 0.048152597507383384], "rotation": [[0.9999370247487684, -0.003572239023911552, -0.010638874232583704], [0.0036152609358644774, 0.99998535503069, 0.0040273580062511055], [0.01062433174116388, -0.004065566688783497, 0.9999352952779258]], "fy": 567.9201401566633, "fx": 595.2346075935687}, {"id": 34, "img_name": "0030", "width": 631, "height": 467, "position": [1.1265066457681312, -0.0076919289020250066, 0.1060822961478921], "rotation": [[0.9999127115071019, -0.004961158196388333, -0.01224566355350594], [0.005000769194436636, 0.9999823561451661, 0.0032061980329169], [0.012229541037145608, -0.0032671559057864817, 0.9999198787994507]], "fy": 567.9201401566633, "fx": 595.2346075935687}, {"id": 35, "img_name": "0031", "width": 631, "height": 467, "position": [1.2998691193108114, 0.005231798685194279, 0.16539277249993173], "rotation": [[0.9998703833881328, -0.006928980274219436, -0.014532916280911797], [0.006972048098580865, 0.9999714465480628, 0.002914898606413139], [0.014512304041040078, -0.003015844978455005, 0.9998901428209432]], "fy": 567.9201401566633, "fx": 595.2346075935687}, {"id": 36, "img_name": "0032", "width": 631, "height": 467, "position": [1.343118205562725, -0.05240446608944915, 0.2041716941406119], "rotation": [[0.9998913298705051, -0.008858027393934173, -0.011784048560702724], [0.008919886428134764, 0.9999466587878428, 0.005207226242304268], [0.011737294232567634, -0.0053117727471793, 0.9999170070532756]], "fy": 567.9201401566633, "fx": 595.2346075935687}, {"id": 37, "img_name": "0034", "width": 631, "height": 467, "position": [1.4003154210144209, -0.04222154318600534, 0.3064399869253818], "rotation": [[0.9998898042359446, -0.013807860370406651, -0.005451823272608077], [0.013839983810705333, 0.9998868210682249, 0.00589914419210153], [0.005369751681764425, -0.00597394727723173, 0.9999677383399952]], "fy": 567.9201401566633, "fx": 595.2346075935687}, {"id": 38, "img_name": "0035", "width": 631, "height": 467, "position": [1.3646781528800405, -0.06404343706635171, 0.35830179062364886], "rotation": [[0.9998645300853981, -0.016458391410533374, -0.00020695237065108198], [0.016459504253857296, 0.9998341925825142, 0.007789227342252783], [7.871990402853689e-05, -0.007791578469714991, 0.9999696420932623]], "fy": 567.9201401566633, "fx": 595.2346075935687}, {"id": 39, "img_name": "0036", "width": 631, "height": 467, "position": [1.4049268060761473, -0.05815774676257722, 0.42239054833545053], "rotation": [[0.9998144646680992, -0.019126510131694037, 0.0022831667973316934], [0.019105492604240853, 0.9997778845951534, 0.008897281988851763], [-0.0024528336249184848, -0.008852010202324276, 0.9999578118713741]], "fy": 567.9201401566633, "fx": 595.2346075935687}, {"id": 40, "img_name": "0037", "width": 631, "height": 467, "position": [1.3492898420269965, -0.055277992301511744, 0.4981330217689574], "rotation": [[0.9997293103430215, -0.021686558762807808, 0.008426102900733349], [0.021601567212419143, 0.9997161438070538, 0.010050079876392014], [-0.008641662747052857, -0.009865342395568714, 0.9999139946437315]], "fy": 567.9201401566633, "fx": 595.2346075935687}, {"id": 41, "img_name": "0038", "width": 631, "height": 467, "position": [1.5026982401958038, -0.08033224489585955, 0.5337253899336987], "rotation": [[0.9996778216038252, -0.024502689960424727, 0.006623532149376981], [0.024421535053483514, 0.9996289116144245, 0.012067629849839494], [-0.006916763626292645, -0.011901985097644955, 0.9999052460766835]], "fy": 567.9201401566633, "fx": 595.2346075935687}, {"id": 42, "img_name": "0039", "width": 631, "height": 467, "position": [1.666424621933991, -0.12675383509508548, 0.6090686911504581], "rotation": [[0.9996185510664894, -0.027250588940566343, 0.004489740095443551], [0.0271813407003562, 0.9995206072268693, 0.014823307544587369], [-0.004891531607125709, -0.014695616054543085, 0.9998800486994998]], "fy": 567.9201401566633, "fx": 595.2346075935687}, {"id": 43, "img_name": "0040", "width": 631, "height": 467, "position": [1.7098300053973767, -0.1239737271883226, 0.6487084417174375], "rotation": [[0.9995346670956067, -0.029745648816663545, 0.0067561564924338915], [0.029641850908260194, 0.9994483817155462, 0.014976413486156392], [-0.007197912809072386, -0.014769179484709884, 0.9998650215846844]], "fy": 567.9201401566633, "fx": 595.2346075935687}, {"id": 44, "img_name": "0042", "width": 631, "height": 467, "position": [1.704569895127498, -0.1027443622439796, 0.7451321750473298], "rotation": [[0.9992718087843768, -0.03485577600615597, 0.015521824886549336], [0.03465394812640543, 0.9993136764758728, 0.013087394222193485], [-0.01596734317450535, -0.012539971582239857, 0.9997938752886337]], "fy": 567.9201401566633, "fx": 595.2346075935687}, {"id": 45, "img_name": "0043", "width": 631, "height": 467, "position": [1.6922746352874642, -0.09757799433959427, 0.7646249919779761], "rotation": [[0.9990916391265537, -0.037025592293256825, 0.02109507389771182], [0.03679328563034398, 0.9992590505085823, 0.011296198883271238], [-0.021497691967751444, -0.01050978077887528, 0.9997136558775417]], "fy": 567.9201401566633, "fx": 595.2346075935687}, {"id": 46, "img_name": "0044", "width": 631, "height": 467, "position": [1.675606878539848, -0.08968745615920691, 0.7712418911092014], "rotation": [[0.9988394919814184, -0.03952697690603883, 0.027518854535960063], [0.03930187532863823, 0.9991897383168997, 0.008673490523274678], [-0.027839393922174993, -0.007581882277814091, 0.999583654931978]], "fy": 567.9201401566633, "fx": 595.2346075935687}, {"id": 47, "img_name": "0045", "width": 631, "height": 467, "position": [1.6529500731351154, -0.08540453021695726, 0.7628055716769659], "rotation": [[0.9985356136360793, -0.04160986760815832, 0.034572347592405524], [0.04144091054374825, 0.9991253208473833, 0.005589648908344201], [-0.03477469243176171, -0.004148753938839471, 0.9993865661529735]], "fy": 567.9201401566633, "fx": 595.2346075935687}, {"id": 48, "img_name": "0046", "width": 631, "height": 467, "position": [1.6323233118340335, -0.08081380715840378, 0.765119691281932], "rotation": [[0.9981483287858905, -0.043830538786388394, 0.042175794143425725], [0.04378324754006817, 0.9990389612396707, 0.002044788498760542], [-0.04222488575211111, -0.00019440898757787942, 0.9991081128828684]], "fy": 567.9201401566633, "fx": 595.2346075935687}, {"id": 49, "img_name": "0047", "width": 631, "height": 467, "position": [1.6115402565243244, -0.07880714674526629, 0.7583914407674801], "rotation": [[0.9976917729275739, -0.04603679261960278, 0.049917331238098744], [0.046169961625325585, 0.9989324462213502, -0.001517408891974532], [-0.049794185164036435, 0.0038185876353918216, 0.9987522002540573]], "fy": 567.9201401566633, "fx": 595.2346075935687}, {"id": 50, "img_name": "0048", "width": 631, "height": 467, "position": [1.5931548281333898, -0.0769023750257915, 0.7461773917009806], "rotation": [[0.9971227274220654, -0.048774628706137746, 0.058028458991772336], [0.04915786696076516, 0.9987775138407269, -0.005194416425759756], [-0.05770416427129946, 0.008032025940875306, 0.9983014153976927]], "fy": 567.9201401566633, "fx": 595.2346075935687}, {"id": 51, "img_name": "0050", "width": 631, "height": 467, "position": [1.5548021678380088, -0.07729833102135722, 0.717644943082086], "rotation": [[0.9957125232970662, -0.0543469060332353, 0.07485308780540771], [0.055461757900815714, 0.998377538961828, -0.012895080731610078], [-0.07403083384604478, 0.01699127720738287, 0.9971111934678706]], "fy": 567.9201401566633, "fx": 595.2346075935687}, {"id": 52, "img_name": "0051", "width": 631, "height": 467, "position": [1.537328291535398, -0.0765343483746348, 0.706253599683447], "rotation": [[0.9949430415952, -0.0567332268523208, 0.08288356261778049], [0.0583292556105391, 0.9981532975782371, -0.01696149974535328], [-0.08176822072916118, 0.021710262656502645, 0.9964148847614496]], "fy": 567.9201401566633, "fx": 595.2346075935687}, {"id": 53, "img_name": "0052", "width": 631, "height": 467, "position": [1.5215086376813889, -0.07692871126552728, 0.6920188411050276], "rotation": [[0.9941933594883454, -0.05908517432680075, 0.08993612246505385], [0.06117921320234601, 0.9979120155989651, -0.020705385655732766], [-0.08852495592328465, 0.02608737813545659, 0.9957322837393583]], "fy": 567.9201401566633, "fx": 595.2346075935687}, {"id": 54, "img_name": "0053", "width": 631, "height": 467, "position": [1.501729633621139, -0.07641233259286882, 0.6558767293587061], "rotation": [[0.993561044457568, -0.060626288175873635, 0.09571261211774776], [0.06322411734037263, 0.9977024011128731, -0.02434398899396785], [-0.09401681723456344, 0.030238584550596293, 0.9951112832650725]], "fy": 567.9201401566633, "fx": 595.2346075935687}, {"id": 55, "img_name": "0054", "width": 631, "height": 467, "position": [1.4859730864338485, -0.07254497065405115, 0.6524694707776335], "rotation": [[0.9931498649802987, -0.061855716648260256, 0.09913231565712963], [0.06488811480769151, 0.9975091317341125, -0.02765980230877783], [-0.09717447322377668, 0.03390283800785659, 0.9946897603417332]], "fy": 567.9201401566633, "fx": 595.2346075935687}, {"id": 56, "img_name": "0055", "width": 631, "height": 467, "position": [1.4673610271676392, -0.07494629343685068, 0.6110212721879633], "rotation": [[0.9929262771096965, -0.06243564130349471, 0.10099108336927369], [0.06578148055804978, 0.9973786594428711, -0.03014310042998223], [-0.09884434754030785, 0.036573219477678214, 0.9944305881138052]], "fy": 567.9201401566633, "fx": 595.2346075935687}, {"id": 57, "img_name": "0056", "width": 631, "height": 467, "position": [1.454478072283903, -0.07377142058950117, 0.5963262781063495], "rotation": [[0.9929439462681834, -0.0627406710069135, 0.10062766901289735], [0.06629969996308192, 0.9972729401048148, -0.032419634783624286], [-0.09831922169226266, 0.038862464362164575, 0.9943958163173894]], "fy": 567.9201401566633, "fx": 595.2346075935687}, {"id": 58, "img_name": "0058", "width": 631, "height": 467, "position": [1.4239236382406715, -0.07494858027897268, 0.5486908347761124], "rotation": [[0.9935285315063109, -0.06211765158416046, 0.09509182112349146], [0.06575838350899255, 0.9971988493684929, -0.03564112535313692], [-0.09261151160194667, 0.04166355937534154, 0.9948302647884111]], "fy": 567.9201401566633, "fx": 595.2346075935687}, {"id": 59, "img_name": "0059", "width": 631, "height": 467, "position": [1.405139778089852, -0.0736861370692681, 0.5429660895398837], "rotation": [[0.9941130542439736, -0.060027077714982016, 0.09019969691034435], [0.06358037605496614, 0.9972888027126122, -0.03704834361686409], [-0.08773124393525698, 0.042565172677244655, 0.9952343618025498]], "fy": 567.9201401566633, "fx": 595.2346075935687}, {"id": 60, "img_name": "0060", "width": 631, "height": 467, "position": [1.3831577084612532, -0.07473967648855913, 0.513504853462309], "rotation": [[0.9947598750079716, -0.05779597828267, 0.08433514076868412], [0.061146655751786384, 0.9974164972492409, -0.03770169101548763], [-0.08193825458537152, 0.042660941262516815, 0.9957239409224318]], "fy": 567.9201401566633, "fx": 595.2346075935687}, {"id": 61, "img_name": "0061", "width": 631, "height": 467, "position": [1.34720539029698, -0.08142718964620925, 0.47185992415325895], "rotation": [[0.9954663368101613, -0.05400423187689572, 0.07829632952536696], [0.057106599433164366, 0.9976469385610891, -0.03793971904042758], [-0.07606318806714903, 0.04223895026007334, 0.996207941396769]], "fy": 567.9201401566633, "fx": 595.2346075935687}, {"id": 62, "img_name": "0062", "width": 631, "height": 467, "position": [-8.330481196881227, 0.508547404295616, -0.9092254901373517], "rotation": [[0.9282986935903877, -0.005961487866717515, 0.3717875685667746], [-0.0020986751105593637, 0.9997715422531215, 0.021271080451992032], [-0.3718294381045688, -0.020526177511406708, 0.9280741053362123]], "fy": 567.9201401566633, "fx": 595.2346075935687}, {"id": 63, "img_name": "0063", "width": 631, "height": 467, "position": [-8.359463303200474, 0.4737552777968244, -1.0248023440817637], "rotation": [[0.930140944476811, -0.0034049179717618033, 0.36718691417504445], [-0.004504803150091022, 0.9997759502383522, 0.02068226471107099], [-0.3671750674492548, -0.020891525999922934, 0.929917208134697]], "fy": 567.9201401566633, "fx": 595.2346075935687}, {"id": 64, "img_name": "0064", "width": 631, "height": 467, "position": [-8.339239468185403, 0.45742971759180834, -1.0989909639641624], "rotation": [[0.9325381264594468, -0.0002518295918949096, 0.36107143238057704], [-0.0076741320823882665, 0.9997600464520906, 0.020517241892997955], [-0.36098995885798124, -0.021904020178277257, 0.9323124280538916]], "fy": 567.9201401566633, "fx": 595.2346075935687}, {"id": 65, "img_name": "0066", "width": 631, "height": 467, "position": [-8.280513681237984, 0.4250738078045243, -1.2482068941255764], "rotation": [[0.9367345458559503, 0.005354046610875899, 0.3499996068354008], [-0.014109032310581597, 0.9996479702791796, 0.02246932851634831], [-0.3497560947393277, -0.02598595200498122, 0.9364803278719148]], "fy": 567.9201401566633, "fx": 595.2346075935687}, {"id": 66, "img_name": "0067", "width": 631, "height": 467, "position": [-8.24707654269564, 0.4185013448058345, -1.3234015474537975], "rotation": [[0.9382409103696274, 0.010170687770823897, 0.34583312626039875], [-0.019335151892331204, 0.9995470891015867, 0.02306010775874286], [-0.3454419575125074, -0.028322672522429176, 0.9380126226288824]], "fy": 567.9201401566633, "fx": 595.2346075935687}, {"id": 67, "img_name": "0068", "width": 631, "height": 467, "position": [-8.226807539022749, 0.4111139677532532, -1.4104267022457464], "rotation": [[0.9390177309710193, 0.013108784364789234, 0.3436187723255468], [-0.02280760662765437, 0.9994469591023698, 0.024198946690794903], [-0.34311151831723263, -0.030560361802557477, 0.9387973957593513]], "fy": 567.9201401566633, "fx": 595.2346075935687}]